0.0, -0.0749228904740065
1.8062713824385104e-05, -0.0749231503866449
3.612542764877021e-05, -0.07492341024208414
0.00021675256589262124, -0.07492600379652871
0.0003973797041364723, -0.07492859166697241
0.0013973797041364722, -0.07494276428962543
0.002397379704136472, -0.07495676440188209
0.003397379704136472, -0.07497062349740026
0.004397379704136472, -0.07498432566857055
0.005397379704136472, -0.0749978608145252
0.006397379704136472, -0.07501122651562123
0.007397379704136472, -0.07502442364056262
0.008397379704136471, -0.07503745395641144
0.009397379704136472, -0.07505031919513429
0.010397379704136473, -0.07506302129284519
0.011397379704136474, -0.07507556222631509
0.012397379704136475, -0.0750879439264043
0.013397379704136476, -0.07510016828646003
0.014397379704136477, -0.07511223718782853
0.015397379704136478, -0.0751241525081161
0.01639737970413648, -0.07513591611614824
0.01739737970413648, -0.07514752986444986
0.01839737970413648, -0.07515899558389007
0.01939737970413648, -0.0751703150802937
0.020397379704136482, -0.07518149013183756
0.021397379704136483, -0.07519252248668135
0.022397379704136484, -0.07520341386081959
0.023397379704136485, -0.07521416593625367
0.024397379704136486, -0.0752247803595131
0.025397379704136486, -0.07523525874049494
0.026397379704136487, -0.0752456026515786
0.027397379704136488, -0.07525581362698297
0.02839737970413649, -0.07526589316234193
0.02939737970413649, -0.07527584271447635
0.03039737970413649, -0.07528566370134265
0.03139737970413649, -0.07529535750213784
0.03239737970413649, -0.07530492545754279
0.03339737970413649, -0.07531436887008702
0.03439737970413649, -0.07532368900461976
0.03539737970413649, -0.07533288708887288
0.03639737970413649, -0.07534196431410357
0.037397379704136494, -0.07535092183580451
0.038397379704136494, -0.07535976077447114
0.039397379704136495, -0.07536848221641684
0.040397379704136496, -0.0753770872146268
0.0413973797041365, -0.07538557678964279
0.0423973797041365, -0.07539395193047248
0.0433973797041365, -0.07540221359551609
0.0443973797041365, -0.07541036271350558
0.0453973797041365, -0.07541840018445059
0.0463973797041365, -0.07542632688058724
0.0473973797041365, -0.07543414364732566
0.0483973797041365, -0.07544185130419263
0.049397379704136504, -0.07544945064576654
0.050397379704136505, -0.07545694244260158
0.051397379704136506, -0.07546432744213948
0.05239737970413651, -0.0754716063696062
0.05339737970413651, -0.07547877992889211
0.05439737970413651, -0.0754858488034143
0.05539737970413651, -0.07549281365695981
0.05639737970413651, -0.07549967513450845
0.05739737970413651, -0.07550643386303499
0.05839737970413651, -0.07551309045228943
0.05939737970413651, -0.07551964549555573
0.060397379704136514, -0.07552609957038747
0.061397379704136515, -0.07553245323932173
0.062397379704136516, -0.07553870705056942
0.06339737970413652, -0.07554486153868377
0.06439737970413652, -0.0755509172252055
0.06539737970413652, -0.07555687461928592
0.06639737970413652, -0.07556273421828776
0.06739737970413652, -0.0755684965083638
0.06839737970413652, -0.07557416196501418
0.06939737970413652, -0.07557973105362223
0.07039737970413652, -0.07558520422996949
0.07139737970413652, -0.07559058194073026
0.07239737970413652, -0.07559586462394628
0.07339737970413653, -0.0756010527094818
0.07439737970413653, -0.07560614661945966
0.07539737970413653, -0.075611146768679
0.07639737970413653, -0.07561605356501473
0.07739737970413653, -0.07562086740979997
0.07839737970413653, -0.07562558869819092
0.07939737970413653, -0.07563021781951607
0.08039737970413653, -0.07563475515760891
0.08139737970413653, -0.0756392010911256
0.08239737970413653, -0.07564355599384773
0.08339737970413653, -0.07564782023497083
0.08439737970413654, -0.07565199417937879
0.08539737970413654, -0.07565607818790533
0.08639737970413654, -0.07566007261758238
0.08739737970413654, -0.07566397782187623
0.08839737970413654, -0.0756677941509116
0.08939737970413654, -0.0756715219516847
0.09039737970413654, -0.07567516156826477
0.09139737970413654, -0.07567871334198563
0.09239737970413654, -0.0756821776116266
0.09339737970413654, -0.07568555471358408
0.09439737970413654, -0.07568884498203382
0.09539737970413655, -0.07569204874908392
0.09639737970413655, -0.0756951663449198
0.09739737970413655, -0.07569819809794055
0.09839737970413655, -0.07570114433488785
0.09939737970413655, -0.07570400538096707
0.10039737970413655, -0.0757067815599615
0.10139737970413655, -0.07570947319433959
0.10239737970413655, -0.07571208060535571
0.10339737970413655, -0.07571460411314483
0.10439737970413655, -0.07571704403681098
0.10539737970413655, -0.07571940069451032
0.10639737970413655, -0.07572167440352866
0.10739737970413656, -0.07572386548035397
0.10839737970413656, -0.07572597424074376
0.10939737970413656, -0.07572800099978812
0.11039737970413656, -0.07572994607196805
0.11139737970413656, -0.07573180977120973
0.11239737970413656, -0.07573359241093473
0.11339737970413656, -0.07573529430410643
0.11439737970413656, -0.0757369157632727
0.11539737970413656, -0.07573845710060538
0.11639737970413656, -0.07573991862793639
0.11739737970413656, -0.0757413006567905
0.11839737970413657, -0.0757426034984157
0.11939737970413657, -0.07574382746381031
0.12039737970413657, -0.07574497286374772
0.12139737970413657, -0.0757460400087985
0.12239737970413657, -0.07574702920935032
0.12339737970413657, -0.07574794077562545
0.12439737970413657, -0.07574877501769636
0.12539737970413656, -0.07574953224549918
0.12639737970413656, -0.07575021276884542
0.12739737970413656, -0.07575081689743168
0.12839737970413656, -0.07575134494084816
0.12939737970413656, -0.07575179720858502
0.13039737970413656, -0.07575217401003773
0.13139737970413656, -0.07575247565451093
0.13239737970413656, -0.07575270245122069
0.13339737970413656, -0.07575285470929614
0.13439737970413657, -0.0757529327377793
0.13539737970413657, -0.07575293684562431
0.13639737970413657, -0.07575286734169553
0.13739737970413657, -0.07575272453476456
0.13839737970413657, -0.07575250873350661
0.13939737970413657, -0.07575222024649597
0.14039737970413657, -0.07575185938220053
0.14139737970413657, -0.07575142644897608
0.14239737970413657, -0.07575092175505936
0.14339737970413657, -0.075750345608561
0.14439737970413657, -0.07574969831745765
0.14539737970413658, -0.07574898018958362
0.14639737970413658, -0.0757481915326221
0.14739737970413658, -0.07574733265409604
0.14839737970413658, -0.07574640386135831
0.14939737970413658, -0.07574540546158194
0.15039737970413658, -0.07574433776174967
0.15139737970413658, -0.07574320106864343
0.15239737970413658, -0.07574199568883336
0.15339737970413658, -0.0757407219286668
0.15439737970413658, -0.07573938009425699
0.15539737970413658, -0.07573797049147139
0.15639737970413659, -0.07573649342592033
0.1573973797041366, -0.07573494920294481
0.1583973797041366, -0.07573333812760492
0.1593973797041366, -0.07573166050466759
0.1603973797041366, -0.07572991663859466
0.1613973797041366, -0.07572810683353055
0.1623973797041366, -0.07572623139329014
0.1633973797041366, -0.0757242906213465
0.1643973797041366, -0.07572228482081866
0.1653973797041366, -0.07572021429445937
0.1663973797041366, -0.07571807934464274
0.1673973797041366, -0.07571588027335209
0.1683973797041366, -0.07571361738216782
0.1693973797041366, -0.07571129097225514
0.1703973797041366, -0.07570890134435203
0.1713973797041366, -0.07570644879875722
0.1723973797041366, -0.07570393363531819
0.1733973797041366, -0.0757013561534194
0.1743973797041366, -0.07569871665197028
0.1753973797041366, -0.07569601542939382
0.1763973797041366, -0.07569325278361468
0.1773973797041366, -0.07569042901204795
0.1783973797041366, -0.07568754441158758
0.1793973797041366, -0.07568459927859522
0.1803973797041366, -0.07568159390888904
0.1813973797041366, -0.07567852859773276
0.1823973797041366, -0.0756754036398246
0.1833973797041366, -0.07567221932928678
0.1843973797041366, -0.07566897595965467
0.1853973797041366, -0.0756656738238664
0.1863973797041366, -0.07566231321425253
0.1873973797041366, -0.07565889442252577
0.1883973797041366, -0.07565541773977104
0.18939737970413661, -0.07565188345643543
0.19039737970413662, -0.07564829186231854
0.19139737970413662, -0.0756446432465628
0.19239737970413662, -0.07564093789764402
0.19339737970413662, -0.07563717610336212
0.19439737970413662, -0.07563335815083187
0.19539737970413662, -0.07562948432647401
0.19639737970413662, -0.07562555491600625
0.19739737970413662, -0.07562157020443469
0.19839737970413662, -0.07561753047604518
0.19939737970413662, -0.07561343601439496
0.20039737970413662, -0.07560928710230437
0.20139737970413663, -0.0756050840218489
0.20239737970413663, -0.07560082705435096
0.20339737970413663, -0.07559651648037245
0.20439737970413663, -0.07559215257970678
0.20539737970413663, -0.07558773563137158
0.20639737970413663, -0.07558326591360132
0.20739737970413663, -0.07557874370384006
0.20839737970413663, -0.07557416927873449
0.20939737970413663, -0.07556954291412696
0.21039737970413663, -0.07556486488504871
0.21139737970413663, -0.0755601354657133
0.21239737970413664, -0.0755553549295102
0.21339737970413664, -0.07555052354899833
0.21439737970413664, -0.07554564159589994
0.21539737970413664, -0.07554070934109462
0.21639737970413664, -0.07553572705461337
0.21739737970413664, -0.07553069500563264
0.21839737970413664, -0.07552561346246899
0.21939737970413664, -0.07552048269257346
0.22039737970413664, -0.07551530296252613
0.22139737970413664, -0.07551007453803096
0.22239737970413664, -0.07550479768391073
0.22339737970413664, -0.0754994726641019
0.22439737970413665, -0.07549409974164996
0.22539737970413665, -0.07548867917870453
0.22639737970413665, -0.07548321123651495
0.22739737970413665, -0.07547769617542553
0.22839737970413665, -0.07547213425487147
0.22939737970413665, -0.07546652573337448
0.23039737970413665, -0.07546087086853863
0.23139737970413665, -0.0754551699170464
0.23239737970413665, -0.07544942313465489
0.23339737970413665, -0.0754436307761918
0.23439737970413665, -0.07543779309555201
0.23539737970413666, -0.07543191034569391
0.23639737970413666, -0.07542598277863591
0.23739737970413666, -0.07542001064545331
0.23839737970413666, -0.0754139941962748
0.23939737970413666, -0.0754079336802795
0.24039737970413666, -0.07540182934569395
0.24139737970413666, -0.07539568143978911
0.24239737970413666, -0.07538949020887761
0.24339737970413666, -0.07538325589831098
0.24439737970413666, -0.07537697875247701
0.24539737970413666, -0.07537065901479735
0.24639737970413667, -0.0753642969277249
0.24739737970413667, -0.07535789273274159
0.24839737970413667, -0.07535144667035616
0.24939737970413667, -0.07534495898010188
0.25039737970413667, -0.07533842990053459
0.25139737970413667, -0.07533185966923066
0.25239737970413667, -0.07532524852278517
0.25339737970413667, -0.07531859669681
0.2543973797041367, -0.07531190442593219
0.2553973797041367, -0.07530517194379231
0.2563973797041367, -0.07529839948304283
0.2573973797041367, -0.07529158727534666
0.2583973797041367, -0.07528473555137581
0.2593973797041367, -0.07527784454080999
0.2603973797041367, -0.07527091447233543
0.2613973797041367, -0.07526394557364366
0.2623973797041367, -0.07525693807143048
0.2633973797041367, -0.07524989219139486
0.2643973797041367, -0.075242808158238
0.2653973797041367, -0.0752356861956625
0.2663973797041367, -0.07522852652637152
0.2673973797041367, -0.07522132937206799
0.2683973797041367, -0.07521409495345405
0.2693973797041367, -0.07520682349023032
0.2703973797041367, -0.07519951520109538
0.2713973797041367, -0.07519217030374539
0.2723973797041367, -0.07518478901487355
0.2733973797041367, -0.07517737155016976
0.2743973797041367, -0.07516991812432039
0.2753973797041367, -0.07516242895100794
0.2763973797041367, -0.07515490424291102
0.2773973797041367, -0.07514734421170412
0.2783973797041367, -0.07513974906805744
0.2793973797041367, -0.07513211902163716
0.2803973797041367, -0.07512445428110526
0.2813973797041367, -0.07511675505411969
0.2823973797041367, -0.07510902154733451
0.2833973797041367, -0.0751012539664002
0.2843973797041367, -0.07509345251596372
0.2853973797041367, -0.07508561739966903
0.2863973797041367, -0.07507774882015722
0.2873973797041367, -0.07506984697906714
0.2883973797041367, -0.07506191207703575
0.2893973797041367, -0.07505394431369852
0.2903973797041367, -0.0750459438876902
0.2913973797041367, -0.07503791099664518
0.2923973797041367, -0.07502984583719828
0.2933973797041367, -0.07502174860498535
0.2943973797041367, -0.07501361949464402
0.2953973797041367, -0.0750054586998145
0.2963973797041367, -0.07499726641314025
0.2973973797041367, -0.07498904282626895
0.2983973797041367, -0.07498078812985334
0.2993973797041367, -0.07497250251355214
0.3003973797041367, -0.074964186166031
0.3013973797041367, -0.07495583927496349
0.3023973797041367, -0.07494746202703219
0.3033973797041367, -0.07493905460792961
0.3043973797041367, -0.07493061720235954
0.3053973797041367, -0.07492214999403791
0.3063973797041367, -0.07491365316569414
0.3073973797041367, -0.07490512689907228
0.3083973797041367, -0.07489657137493223
0.3093973797041367, -0.07488798677305106
0.3103973797041367, -0.07487937327222433
0.3113973797041367, -0.07487073105026724
0.3123973797041367, -0.07486206028401624
0.3133973797041367, -0.0748533611493302
0.3143973797041367, -0.07484463382109188
0.3153973797041367, -0.07483587847320952
0.3163973797041367, -0.0748270952786181
0.31739737970413673, -0.07481828440928093
0.31839737970413673, -0.07480944603619123
0.31939737970413673, -0.0748005803293735
0.32039737970413673, -0.07479168745788532
0.32139737970413673, -0.07478276758981871
0.32239737970413673, -0.07477382089230196
0.32339737970413673, -0.07476484753150109
0.32439737970413673, -0.07475584767262164
0.32539737970413674, -0.07474682147991032
0.32639737970413674, -0.07473776911665667
0.32739737970413674, -0.07472869074519482
0.32839737970413674, -0.07471958652690529
0.32939737970413674, -0.07471045662221658
0.33039737970413674, -0.07470130119060721
0.33139737970413674, -0.07469212039060735
0.33239737970413674, -0.07468291437980068
0.33339737970413674, -0.07467368331482613
0.33439737970413674, -0.07466442735138001
0.33539737970413674, -0.0746551466442176
0.33639737970413675, -0.07464584134715517
0.33739737970413675, -0.07463651161307182
0.33839737970413675, -0.07462715759391152
0.33939737970413675, -0.07461777944068486
0.34039737970413675, -0.07460837730347121
0.34139737970413675, -0.07459895133142043
0.34239737970413675, -0.07458950167275513
0.34339737970413675, -0.07458002847477242
0.34439737970413675, -0.07457053188384599
0.34539737970413675, -0.07456101204542818
0.34639737970413675, -0.07455146910405498
0.34739737970413676, -0.07454190320336011
0.34839737970413676, -0.07453231448609673
0.34939737970413676, -0.07452270309415389
0.35039737970413676, -0.07451306916856151
0.35139737970413676, -0.07450341284948675
0.35239737970413676, -0.07449373427622923
0.35339737970413676, -0.07448403358721836
0.35439737970413676, -0.0744743109200123
0.35539737970413676, -0.07446456641129737
0.35639737970413676, -0.0744548001968873
0.35739737970413676, -0.07444501241172229
0.35839737970413676, -0.07443520318986867
0.35939737970413677, -0.0744253726645184
0.36039737970413677, -0.07441552096798883
0.36139737970413677, -0.07440564823172277
0.36239737970413677, -0.0743957545862886
0.36339737970413677, -0.07438584016138068
0.36439737970413677, -0.0743759050858198
0.36539737970413677, -0.0743659494875536
0.36639737970413677, -0.0743559734936575
0.3673973797041368, -0.0743459772303354
0.3683973797041368, -0.0743359608229205
0.3693973797041368, -0.07432592439587662
0.3703973797041368, -0.07431586807279898
0.3713973797041368, -0.07430579197641565
0.3723973797041368, -0.0742956962285887
0.3733973797041368, -0.07428558095031564
0.3743973797041368, -0.0742754462617308
0.3753973797041368, -0.07426529228210696
0.3763973797041368, -0.0742551191298567
0.3773973797041368, -0.0742449269225343
0.3783973797041368, -0.07423471577683712
0.3793973797041368, -0.07422448580860759
0.3803973797041368, -0.07421423713283473
0.3813973797041368, -0.07420396986365624
0.3823973797041368, -0.07419368411436023
0.3833973797041368, -0.07418337999738699
0.3843973797041368, -0.07417305762433107
0.3853973797041368, -0.07416271710594327
0.3863973797041368, -0.07415235855213247
0.3873973797041368, -0.0741419820719677
0.3883973797041368, -0.07413158777368026
0.3893973797041368, -0.07412117576466566
0.3903973797041368, -0.07411074615148573
0.3913973797041368, -0.0741002990398707
0.3923973797041368, -0.07408983453472136
0.3933973797041368, -0.07407935274011102
0.3943973797041368, -0.07406885375928784
0.3953973797041368, -0.0740583376946768
0.3963973797041368, -0.07404780464788191
0.3973973797041368, -0.07403725471968835
0.3983973797041368, -0.07402668801006465
0.3993973797041368, -0.0740161046181648
0.4003973797041368, -0.07400550464233042
0.4013973797041368, -0.07399488818009296
0.4023973797041368, -0.07398425532817582
0.4033973797041368, -0.0739736061824965
0.4043973797041368, -0.07396294083816876
0.4053973797041368, -0.07395225938950485
0.4063973797041368, -0.07394156193001751
0.4073973797041368, -0.07393084855242234
0.4083973797041368, -0.07392011934863965
0.4093973797041368, -0.07390937440979689
0.4103973797041368, -0.07389861382623049
0.4113973797041368, -0.07388783768748824
0.4123973797041368, -0.0738770460823312
0.4133973797041368, -0.07386623909873594
0.4143973797041368, -0.07385541682389653
0.4153973797041368, -0.07384457934422661
0.4163973797041368, -0.07383372674536169
0.4173973797041368, -0.07382285911216076
0.4183973797041368, -0.07381197652870879
0.4193973797041368, -0.07380107907831848
0.4203973797041368, -0.0737901668435324
0.4213973797041368, -0.07377923990612498
0.4223973797041368, -0.0737682983471044
0.4233973797041368, -0.07375734224671471
0.4243973797041368, -0.07374637168443772
0.4253973797041368, -0.07373538673899489
0.4263973797041368, -0.07372438748834947
0.4273973797041368, -0.07371337400970804
0.4283973797041368, -0.07370234637952283
0.42939737970413683, -0.07369130467349333
0.43039737970413683, -0.07368024896656822
0.43139737970413683, -0.07366917933294719
0.43239737970413683, -0.0736580958460828
0.43339737970413683, -0.07364699857868234
0.43439737970413683, -0.07363588760270956
0.43539737970413683, -0.07362476298938639
0.43639737970413683, -0.07361362480919474
0.43739737970413683, -0.07360247313187838
0.43839737970413684, -0.07359130802644433
0.43939737970413684, -0.07358012956116486
0.44039737970413684, -0.07356893780357901
0.44139737970413684, -0.07355773282049427
0.44239737970413684, -0.07354651467798823
0.44339737970413684, -0.07353528344141017
0.44439737970413684, -0.07352403917538267
0.44539737970413684, -0.07351278194380316
0.44639737970413684, -0.07350151180984545
0.44739737970413684, -0.07349022883596135
0.44839737970413684, -0.07347893308388197
0.44939737970413685, -0.07346762461461946
0.45039737970413685, -0.07345630348846828
0.45139737970413685, -0.07344496976500668
0.45239737970413685, -0.07343362350309815
0.45339737970413685, -0.07342226476089275
0.45439737970413685, -0.07341089359582849
0.45539737970413685, -0.07339951006463269
0.45639737970413685, -0.07338811422332334
0.45739737970413685, -0.07337670612721019
0.45839737970413685, -0.07336528583089633
0.45939737970413685, -0.07335385338827913
0.46039737970413686, -0.07334240885255164
0.46139737970413686, -0.07333095227620375
0.46239737970413686, -0.07331948371102325
0.46339737970413686, -0.07330800320809705
0.46439737970413686, -0.07329651081781241
0.46539737970413686, -0.07328500658985775
0.46639737970413686, -0.07327349057322396
0.46739737970413686, -0.07326196281620531
0.46839737970413686, -0.07325042336640042
0.46939737970413686, -0.07323887227071335
0.47039737970413686, -0.07322730957535449
0.47139737970413687, -0.07321573532584143
0.47239737970413687, -0.07320414956699998
0.47339737970413687, -0.07319255234296491
0.47439737970413687, -0.07318094369718088
0.47539737970413687, -0.07316932367240309
0.47639737970413687, -0.07315769231069828
0.47739737970413687, -0.0731460496534453
0.47839737970413687, -0.07313439574133593
0.4793973797041369, -0.07312273061437546
0.4803973797041369, -0.07311105431188354
0.4813973797041369, -0.0730993668724945
0.4823973797041369, -0.07308766833415825
0.4833973797041369, -0.07307595873414066
0.4843973797041369, -0.07306423810902411
0.4853973797041369, -0.07305250649470811
0.4863973797041369, -0.07304076392640961
0.4873973797041369, -0.0730290104386635
0.4883973797041369, -0.07301724606532302
0.4893973797041369, -0.07300547083956015
0.4903973797041369, -0.07299368479386587
0.4913973797041369, -0.07298188796005048
0.4923973797041369, -0.07297008036924396
0.4933973797041369, -0.07295826205189601
0.4943973797041369, -0.07294643303777647
0.4953973797041369, -0.07293459335597528
0.4963973797041369, -0.07292274303490276
0.4973973797041369, -0.07291088210228956
0.4983973797041369, -0.07289901058518686
0.4993973797041369, -0.07288712850996619
0.5003973797041369, -0.07287523590231966
0.5013973797041369, -0.0728633327872596
0.5023973797041369, -0.07285141918911874
0.5033973797041369, -0.07283949513154993
0.5043973797041369, -0.07282756063752593
0.5053973797041369, -0.07281561572933926
0.5063973797041369, -0.07280366042860201
0.5073973797041369, -0.07279169475624539
0.5083973797041369, -0.07277971873251947
0.5093973797041369, -0.07276773237699283
0.5103973797041369, -0.07275573570855207
0.5113973797041369, -0.07274372874540144
0.5123973797041369, -0.07273171150506232
0.5133973797041369, -0.07271968400437254
0.5143973797041369, -0.07270764625948589
0.5153973797041369, -0.07269559828587163
0.5163973797041369, -0.07268354009831354
0.5173973797041369, -0.07267147171090933
0.5183973797041369, -0.07265939313706996
0.5193973797041369, -0.07264730438951864
0.5203973797041369, -0.07263520548029011
0.5213973797041369, -0.07262309642072962
0.5223973797041369, -0.07261097722149214
0.5233973797041369, -0.07259884789254119
0.5243973797041369, -0.0725867084431479
0.5253973797041369, -0.07257455888188977
0.5263973797041369, -0.07256239921664974
0.5273973797041369, -0.07255022945461476
0.5283973797041369, -0.07253804960227468
0.5293973797041369, -0.07252585966542092
0.5303973797041369, -0.07251365964914504
0.5313973797041369, -0.07250144955783744
0.5323973797041369, -0.07248922939518589
0.5333973797041369, -0.0724769991641738
0.5343973797041369, -0.07246475886707901
0.5353973797041369, -0.07245250850547187
0.5363973797041369, -0.0724402480802137
0.5373973797041369, -0.07242797759145496
0.5383973797041369, -0.07241569703863354
0.5393973797041369, -0.07240340642047287
0.5403973797041369, -0.07239110573497988
0.5413973797041369, -0.07237879497944334
0.5423973797041369, -0.0723664741504315
0.5433973797041369, -0.07235414324379008
0.5443973797041369, -0.07234180225464025
0.5453973797041369, -0.07232945117737624
0.5463973797041369, -0.07231709000566314
0.5473973797041369, -0.0723047187324345
0.5483973797041369, -0.07229233734988998
0.5493973797041369, -0.07227994584949277
0.5503973797041369, -0.07226754422196713
0.5513973797041369, -0.07225513245729573
0.5523973797041369, -0.07224271054471691
0.5533973797041369, -0.07223027847272206
0.5543973797041369, -0.07221783622905267
0.5553973797041369, -0.07220538380069742
0.5563973797041369, -0.07219292117388929
0.5573973797041369, -0.07218044833410242
0.5583973797041369, -0.07216796526604906
0.5593973797041369, -0.07215547195367641
0.5603973797041369, -0.07214296838016308
0.561397379704137, -0.0721304545279161
0.562397379704137, -0.07211793037856723
0.563397379704137, -0.0721053959129695
0.564397379704137, -0.0720928511111937
0.565397379704137, -0.07208029595252458
0.566397379704137, -0.07206773041545705
0.567397379704137, -0.07205515447769256
0.568397379704137, -0.07204256811613491
0.569397379704137, -0.07202997130688633
0.570397379704137, -0.07201736402524338
0.571397379704137, -0.07200474624569264
0.572397379704137, -0.07199211794190662
0.573397379704137, -0.0719794790867391
0.574397379704137, -0.07196682965222086
0.575397379704137, -0.07195416960955496
0.576397379704137, -0.07194149892911214
0.577397379704137, -0.07192881758042603
0.578397379704137, -0.0719161255321882
0.579397379704137, -0.07190342275224318
0.580397379704137, -0.07189070920758356
0.581397379704137, -0.0718779848643445
0.582397379704137, -0.07186524968779869
0.583397379704137, -0.07185250364235074
0.584397379704137, -0.07183974669153184
0.585397379704137, -0.07182697879799398
0.586397379704137, -0.0718141999235042
0.587397379704137, -0.07180141002893894
0.588397379704137, -0.0717886090742778
0.589397379704137, -0.07177579701859751
0.590397379704137, -0.07176297382006583
0.591397379704137, -0.0717501394359351
0.592397379704137, -0.07173729382253569
0.593397379704137, -0.07172443693526956
0.594397379704137, -0.07171156872860353
0.595397379704137, -0.07169868915606221
0.596397379704137, -0.07168579817022125
0.597397379704137, -0.07167289572270001
0.598397379704137, -0.07165998176415446
0.599397379704137, -0.07164705624426967
0.600397379704137, -0.07163411911175219
0.601397379704137, -0.07162117031432247
0.602397379704137, -0.07160820979870702
0.603397379704137, -0.0715952375106303
0.604397379704137, -0.07158225339480655
0.605397379704137, -0.07156925739493161
0.606397379704137, -0.07155624945367442
0.607397379704137, -0.07154322951266819
0.608397379704137, -0.07153019751250193
0.609397379704137, -0.07151715339271116
0.610397379704137, -0.07150409709176904
0.611397379704137, -0.07149102854707685
0.612397379704137, -0.07147794769495461
0.613397379704137, -0.07146485447063146
0.614397379704137, -0.07145174880823565
0.615397379704137, -0.07143863064078462
0.616397379704137, -0.0714254999001748
0.617397379704137, -0.07141235651717108
0.618397379704137, -0.07139920042139627
0.619397379704137, -0.07138603154132028
0.620397379704137, -0.07137284980424909
0.621397379704137, -0.07135965513631344
0.622397379704137, -0.07134644746245754
0.623397379704137, -0.07133322670642729
0.624397379704137, -0.0713199927907585
0.625397379704137, -0.07130674563676465
0.626397379704137, -0.07129348516452469
0.627397379704137, -0.07128021129287049
0.628397379704137, -0.0712669239393739
0.629397379704137, -0.07125362302033382
0.630397379704137, -0.07124030845076297
0.631397379704137, -0.07122698014437413
0.632397379704137, -0.07121363801356662
0.633397379704137, -0.07120028196941207
0.634397379704137, -0.07118691192164016
0.635397379704137, -0.07117352777862407
0.636397379704137, -0.07116012944736545
0.637397379704137, -0.07114671683347953
0.638397379704137, -0.07113328984117948
0.639397379704137, -0.0711198483732608
0.640397379704137, -0.07110639233108515
0.641397379704137, -0.07109292161456428
0.642397379704137, -0.07107943612214308
0.643397379704137, -0.07106593575078288
0.644397379704137, -0.071052420395944
0.645397379704137, -0.07103888995156826
0.646397379704137, -0.07102534431006094
0.647397379704137, -0.07101178336227254
0.648397379704137, -0.07099820699748018
0.649397379704137, -0.07098461510336841
0.650397379704137, -0.07097100756601016
0.651397379704137, -0.07095738426984673
0.652397379704137, -0.0709437450976678
0.653397379704137, -0.07093008993059088
0.654397379704137, -0.07091641864804052
0.655397379704137, -0.07090273112772678
0.656397379704137, -0.07088902724562375
0.657397379704137, -0.07087530687594726
0.658397379704137, -0.0708615698911323
0.659397379704137, -0.07084781616181017
0.660397379704137, -0.07083404555678484
0.661397379704137, -0.07082025794300904
0.662397379704137, -0.07080645318556003
0.663397379704137, -0.07079263114761447
0.664397379704137, -0.07077879169042328
0.665397379704137, -0.07076493467328576
0.666397379704137, -0.0707510599535231
0.667397379704137, -0.07073716738645142
0.668397379704137, -0.07072325682535457
0.669397379704137, -0.07070932812145606
0.670397379704137, -0.07069538112389037
0.671397379704137, -0.07068141567967405
0.672397379704137, -0.07066743163367588
0.673397379704137, -0.07065342882858665
0.674397379704137, -0.0706394071048883
0.675397379704137, -0.07062536630082215
0.676397379704137, -0.0706113062523571
0.677397379704137, -0.07059722679315655
0.678397379704137, -0.07058312775454499
0.679397379704137, -0.0705690089654738
0.680397379704137, -0.07055487025248638
0.681397379704137, -0.07054071143968263
0.682397379704137, -0.07052653234868257
0.683397379704137, -0.0705123327985892
0.684397379704137, -0.07049811260595083
0.685397379704137, -0.07048387158472219
0.6863973797041371, -0.07046960954622539
0.6873973797041371, -0.07045532629910929
0.6883973797041371, -0.07044102164930852
0.6893973797041371, -0.07042669540000167
0.6903973797041371, -0.07041234735156827
0.6913973797041371, -0.07039797730154511
0.6923973797041371, -0.07038358504458148
0.6933973797041371, -0.07036917037239365
0.6943973797041371, -0.07035473307371821
0.6953973797041371, -0.0703402729342646
0.6963973797041371, -0.07032578973666624
0.6973973797041371, -0.07031128326043092
0.6983973797041371, -0.07029675328189028
0.6993973797041371, -0.07028219957414791
0.7003973797041371, -0.07026762190702611
0.7013973797041371, -0.07025302004701195
0.7023973797041371, -0.07023839375720196
0.7033973797041371, -0.07022374279724582
0.7043973797041371, -0.07020906692328824
0.7053973797041371, -0.07019436588790993
0.7063973797041371, -0.07017963944006736
0.7073973797041371, -0.07016488732503122
0.7083973797041371, -0.07015010928432333
0.7093973797041371, -0.0701353050556517
0.7103973797041371, -0.07012047437284472
0.7113973797041371, -0.07010561696578411
0.7123973797041371, -0.07009073256033607
0.7133973797041371, -0.07007582087828015
0.7143973797041371, -0.07006088163723694
0.7153973797041371, -0.07004591455059482
0.7163973797041371, -0.07003091932743491
0.7173973797041371, -0.07001589567245338
0.7183973797041371, -0.07000084328588152
0.7193973797041371, -0.06998576186340542
0.7203973797041371, -0.06997065109608416
0.7213973797041371, -0.06995551067026524
0.7223973797041371, -0.0699403402674963
0.7233973797041371, -0.06992513956443606
0.7243973797041371, -0.06990990823276494
0.7253973797041371, -0.06989464593909353
0.7263973797041371, -0.06987935234486572
0.7273973797041371, -0.0698640271062588
0.7283973797041371, -0.06984866987408482
0.7293973797041371, -0.06983328029369179
0.7303973797041371, -0.06981785800485903
0.7313973797041371, -0.06980240264168493
0.7323973797041371, -0.0697869138324756
0.7333973797041371, -0.06977139119963714
0.7343973797041371, -0.06975583435956516
0.7353973797041371, -0.06974024292252129
0.7363973797041371, -0.06972461649250408
0.7373973797041371, -0.06970895466712743
0.7383973797041371, -0.06969325703750535
0.7393973797041371, -0.06967752318812297
0.7403973797041371, -0.06966175269668755
0.7413973797041371, -0.06964594513398209
0.7423973797041371, -0.06963010006374044
0.7433973797041371, -0.0696142170425225
0.7443973797041371, -0.0695982956195542
0.7453973797041371, -0.06958233533654337
0.7463973797041371, -0.06956633572752484
0.7473973797041371, -0.06955029631874385
0.7483973797041371, -0.06953421662851202
0.7493973797041371, -0.06951809616699009
0.7503973797041371, -0.06950193443596349
0.7513973797041371, -0.06948573092870539
0.7523973797041371, -0.06946948512988453
0.7533973797041371, -0.06945319651536955
0.7543973797041371, -0.06943686455190838
0.7553973797041371, -0.06942048869687684
0.7563973797041371, -0.06940406839822297
0.7573973797041371, -0.0693876030944111
0.7583973797041371, -0.06937109221408629
0.7593973797041371, -0.06935453517557853
0.7603973797041371, -0.06933793138669606
0.7613973797041371, -0.06932128024488549
0.7623973797041371, -0.0693045811371825
0.7633973797041371, -0.06928783343952506
0.7643973797041371, -0.06927103651598986
0.7653973797041371, -0.0692541897188615
0.7663973797041371, -0.06923729238926789
0.7673973797041371, -0.06922034385696114
0.7683973797041371, -0.06920334343879807
0.7693973797041371, -0.06918629043765148
0.7703973797041371, -0.06916918414338928
0.7713973797041371, -0.0691520238344514
0.7723973797041371, -0.0691348087768418
0.7733973797041371, -0.06911753822071112
0.7743973797041371, -0.06910021139913448
0.7753973797041371, -0.06908282753163465
0.7763973797041371, -0.06906538582746553
0.7773973797041371, -0.06904788548195566
0.7783973797041371, -0.0690303256688586
0.7793973797041371, -0.06901270554012916
0.7803973797041371, -0.06899502423609861
0.7813973797041371, -0.06897728089155504
0.7823973797041371, -0.06895947462418793
0.7833973797041371, -0.06894160451755042
0.7843973797041371, -0.0689236696259599
0.7853973797041371, -0.06890566900167532
0.7863973797041371, -0.06888760170485496
0.7873973797041371, -0.06886946676963787
0.7883973797041371, -0.06885126316598991
0.7893973797041371, -0.06883298982277987
0.7903973797041371, -0.0688146456985148
0.7913973797041371, -0.06879622979476112
0.7923973797041372, -0.06877774106012893
0.7933973797041372, -0.06875917830289736
0.7943973797041372, -0.068740540271032
0.7953973797041372, -0.06872182583677486
0.7963973797041372, -0.06870303400721754
0.7973973797041372, -0.06868416365606297
0.7983973797041372, -0.06866521331442481
0.7993973797041372, -0.06864618141914727
0.8003973797041372, -0.06862706680478028
0.8013973797041372, -0.06860786868978558
0.8023973797041372, -0.06858858592640596
0.8033973797041372, -0.06856921646434327
0.8043973797041372, -0.06854975807967988
0.8053973797041372, -0.06853020972995323
0.8063973797041372, -0.06851057147379222
0.8073973797041372, -0.06849084235533165
0.8083973797041372, -0.0684710189058603
0.8093973797041372, -0.06845109720479224
0.8103973797041372, -0.0684310767572038
0.8113973797041372, -0.06841096037123605
0.8123973797041372, -0.06839074813304732
0.8133973797041372, -0.06837043283410879
0.8143973797041372, -0.06835000557660535
0.8153973797041372, -0.06832946728142221
0.8163973797041372, -0.06830882931798526
0.8173973797041372, -0.06828809626623042
0.8183973797041372, -0.06826725089664966
0.8193973797041372, -0.06824626852487621
0.8203973797041372, -0.06822515213788828
0.8213973797041372, -0.06820393539710395
0.8223973797041372, -0.06818263902405415
0.8233973797041372, -0.06816121896121652
0.8243973797041372, -0.06813965614667768
0.8253973797041372, -0.06811795661323547
0.8263973797041372, -0.06809612659178833
0.8273973797041372, -0.06807416627484243
0.8283973797041372, -0.06805207267212558
0.8293973797041372, -0.0680298423581039
0.8303973797041372, -0.06800747236981397
0.8313973797041372, -0.06798496002493114
0.8323973797041372, -0.0679623026081731
0.8333973797041372, -0.06793949726288148
0.8343973797041372, -0.06791654101076042
0.8353973797041372, -0.06789343078463382
0.8363973797041372, -0.06787016343795428
0.8373973797041372, -0.0678467357395458
0.8383973797041372, -0.06782314436629645
0.8393973797041372, -0.06779938589823789
0.8403973797041372, -0.06777545681518637
0.8413973797041372, -0.06775135349346653
0.8423973797041372, -0.06772707220217859
0.8433973797041372, -0.06770260909908492
0.8443973797041372, -0.06767796022627418
0.8453973797041372, -0.06765312150565567
0.8463973797041372, -0.06762808873426347
0.8473973797041372, -0.0676028575793393
0.8483973797041372, -0.06757742357317402
0.8493973797041372, -0.06755178210769451
0.8503973797041372, -0.06752592842878462
0.8513973797041372, -0.06749985763032428
0.8523973797041372, -0.06747356464793106
0.8533973797041372, -0.06744704425238551
0.8543973797041372, -0.06742029104272186
0.8553973797041372, -0.06739329943896323
0.8563973797041372, -0.06736606367448009
0.8573973797041372, -0.06733857778794868
0.8583973797041372, -0.06731083561488412
0.8593973797041372, -0.06728283077872216
0.8603973797041372, -0.06725455668142022
0.8613973797041372, -0.06722600649354754
0.8623973797041372, -0.06719717314383084
0.8633973797041372, -0.06716804930812033
0.8643973797041372, -0.06713862739773761
0.8653973797041372, -0.06710889954716448
0.8663973797041372, -0.06707885760102769
0.8673973797041372, -0.0670484931003326
0.8683973797041372, -0.06701779726789328
0.8693973797041372, -0.0669867609929038
0.8703973797041372, -0.06695537481458991
0.8713973797041372, -0.06692362890487627
0.8723973797041372, -0.06689151304999823
0.8733973797041372, -0.06685901663098155
0.8743973797041372, -0.06682612860290744
0.8753973797041372, -0.066792837472872
0.8763973797041372, -0.06675913127654277
0.8773973797041372, -0.06672499755320517
0.8783973797041372, -0.06669042331918353
0.8793973797041372, -0.06665539503950935
0.8803973797041372, -0.06661989859769968
0.8813973797041372, -0.0665839192634947
0.8823973797041372, -0.06654744165838962
0.8833973797041372, -0.06651044971878124
0.8843973797041372, -0.06647292665653158
0.8853973797041372, -0.06643485491673205
0.8863973797041372, -0.06639621613243077
0.8873973797041372, -0.06635699107606181
0.8883973797041372, -0.06631715960728872
0.8893973797041372, -0.06627670061694571
0.8903973797041372, -0.06623559196672668
0.8913973797041372, -0.0661938104242362
0.8923973797041372, -0.06615133159297484
0.8933973797041372, -0.06610812983678542
0.8943973797041372, -0.06606417819823514
0.8953973797041372, -0.06601944831034964
0.8963973797041372, -0.06597391030104953
0.8973973797041372, -0.06592753268956553
0.8983973797041372, -0.06588028227402351
0.8993973797041372, -0.06583212400929628
0.9003973797041372, -0.06578302087410892
0.9013973797041372, -0.06573293372626196
0.9023973797041372, -0.06568182114469485
0.9033973797041372, -0.06562963925695094
0.9043973797041372, -0.06557634155042055
0.9053973797041373, -0.06552187866552582
0.9063973797041373, -0.06546619816876664
0.9073973797041373, -0.0654092443032651
0.9083973797041373, -0.06535095771411832
0.9093973797041373, -0.06529127514549263
0.9103973797041373, -0.06523012910594911
0.9113973797041373, -0.06516744749797905
0.9123973797041373, -0.06510315320712509
0.9133973797041373, -0.06503716364535976
0.9143973797041373, -0.06496939024256274
0.9153973797041373, -0.06489973787895821
0.9163973797041373, -0.06482810425021282
0.9173973797041373, -0.06475437915551396
0.9183973797041373, -0.06467844369730068
0.9193973797041373, -0.06460016937934611
0.9203973797041373, -0.06451941708751516
0.9213973797041373, -0.06443603593465475
0.9223973797041373, -0.06434986194759296
0.9233973797041373, -0.06426071656998361
0.9243973797041373, -0.06416840494953716
0.9253973797041373, -0.06407271397178364
0.9263973797041373, -0.06397340999459898
0.9273973797041373, -0.06387023622787105
0.9283973797041373, -0.06376290969034629
0.9293973797041373, -0.0636511176601496
0.9303973797041373, -0.06353451351574843
0.9313973797041373, -0.06341271183893689
0.9323973797041373, -0.06328528261898475
0.9333973797041373, -0.06315174435501755
0.9343973797041373, -0.06301155579863288
0.9353973797041373, -0.06286410600604746
0.9363973797041373, -0.06270870227211904
0.9373973797041373, -0.06254455538795753
0.9383973797041373, -0.062370761485844146
0.9393973797041373, -0.062186279489697044
0.9403973797041373, -0.06198990284630031
0.9413973797041373, -0.06178022372635525
0.9423973797041373, -0.061555587184647285
0.9433973797041373, -0.06131403174425456
0.9443973797041373, -0.06105321134214473
0.9453973797041373, -0.06077028168320177
0.9463973797041373, -0.06046177258849692
0.9473973797041373, -0.060123381265179625
0.9483973797041373, -0.05974969483779156
0.9493973797041373, -0.05933376778203038
0.9503973797041373, -0.058866556007105136
0.9513973797041373, -0.05833598012293861
0.9523973797041373, -0.05772540450373275
0.9533973797041373, -0.05701105944364541
0.9543973797041373, -0.056157492414514155
0.9553973797041373, -0.05510856409288172
0.9563973797041373, -0.05376791200699992
0.9573973797041373, -0.051949607777575485
0.958136181237356, -0.05009216724287268
0.958621193719587, -0.0484760197326732
0.959106206201818, -0.04631515996752744
0.959591218684049, -0.04318727922373601
0.9599026803215854, -0.040326342292026814
0.9602141419591219, -0.036324411126673034
0.9604313830621978, -0.03255920970161229
0.9606486241652736, -0.02780915807098002
0.9607890479230258, -0.0242489309378927
0.9609294716807779, -0.020485272639222046
0.96106989543853, -0.016722127769857757
0.9612103191962822, -0.013112150886965514
0.9613865297798249, -0.008887762752981549
0.9615627403633675, -0.005021066734516211
0.9617389509469102, -0.0014629601587685377
0.9619151615304529, 0.0018502109082180077
0.9621080236545024, 0.005245422701746259
0.962300885778552, 0.008406041848051804
0.9624937479026016, 0.011298166176869583
0.9626866100266511, 0.01388169090310304
0.962860612615927, 0.01593687073137913
0.963034615205203, 0.017745981769998566
0.9632086177944789, 0.01933379819741796
0.9634475977356503, 0.021199634702906416
0.9636865776768216, 0.022758537960614247
0.963925557617993, 0.024065375448919814
0.9641645375591644, 0.02516432825455849
0.9646807734659608, 0.02697560772023512
0.9651970093727572, 0.02824381552747621
0.9657132452795536, 0.0291559998523039
0.96622948118635, 0.029830834252955477
0.9668401642437655, 0.030428410156755407
0.967450847301181, 0.030881433347826528
0.9680615303585965, 0.031239743941691284
0.9686722134160121, 0.03153618034526345
0.9692828964734276, 0.03179137861867444
0.9702345124482209, 0.032135006441668494
0.9711861284230142, 0.03242992036853105
0.9721377443978075, 0.032685873031943743
0.9728099027333561, 0.032846691284774986
0.9734820610689047, 0.03299416988734813
0.9741542194044532, 0.03312935616511784
0.9748263777400018, 0.033252274601914225
0.9754985360755504, 0.033363115570376696
0.9762769103574671, 0.03347713317418738
0.9770552846393838, 0.03357668785986355
0.9778336589213006, 0.033662324245332914
0.9786120332032173, 0.03373434156048427
0.9793904074851341, 0.033793196541576045
0.9801687817670508, 0.03383950080819524
0.9811687817670508, 0.03388142375907507
0.9821687817670508, 0.03390458744437775
0.9831687817670508, 0.03391006088015496
0.9841687817670508, 0.03389885709479258
0.9851687817670508, 0.03387197343445215
0.9861687817670508, 0.03383042031018032
0.9871687817670508, 0.03377518398210731
0.9881687817670508, 0.033707192532594944
0.9891687817670508, 0.03362732313909195
0.9901687817670508, 0.0335364200476167
0.9911687817670508, 0.03343529592444125
0.9921687817670508, 0.03332472472565134
0.9931687817670508, 0.03320543984076608
0.9941687817670508, 0.03307813705748654
0.9951687817670508, 0.03294347725317338
0.9961687817670508, 0.032802087760053764
0.9971687817670508, 0.0326545631676841
0.9981687817670508, 0.0325014659895921
0.9991687817670508, 0.03234332775189269
1.0001687817670508, 0.032180650627107905
1.0011687817670507, 0.032013908902132564
1.0021687817670506, 0.03184354990983972
1.0031687817670505, 0.03166999490549948
1.0041687817670504, 0.031493640244399754
1.0051687817670503, 0.03131485861054318
1.0061687817670502, 0.031134000052950837
1.00716878176705, 0.030951392986101268
1.00816878176705, 0.030767345077290734
1.0091687817670498, 0.03058214423328393
1.0101687817670497, 0.030396059569468014
1.0111687817670496, 0.030209342306685982
1.0121687817670495, 0.03002222660787231
1.0131687817670494, 0.029834930375896525
1.0141687817670493, 0.029647656027225664
1.0151687817670492, 0.029460591241665123
1.016168781767049, 0.029273909678495722
1.017168781767049, 0.029087771039889798
1.0181687817670488, 0.028902323131893976
1.0191687817670487, 0.028717701900716274
1.0201687817670486, 0.028534031619317796
1.0211687817670485, 0.028351425936956113
1.0221687817670484, 0.028169987571716213
1.0231687817670483, 0.02798980907470908
1.0241687817670482, 0.027810973828669292
1.025168781767048, 0.02763355660627372
1.026168781767048, 0.027457623451939417
1.0271687817670478, 0.02728323289375696
1.0281687817670477, 0.027110436017438615
1.0291687817670476, 0.02693927664929473
1.0301687817670475, 0.026769792052828513
1.0311687817670474, 0.02660201278063905
1.0321687817670473, 0.026435963185400722
1.0331687817670472, 0.02627166207603612
1.034168781767047, 0.026109123102488942
1.035168781767047, 0.02594835473460488
1.0361687817670469, 0.02578936102683251
1.0371687817670467, 0.02563214170962117
1.0381687817670466, 0.02547669234653367
1.0391687817670465, 0.025323004784190334
1.0401687817670464, 0.025171067128235577
1.0411687817670463, 0.02502086408976415
1.0421687817670462, 0.024872377407152924
1.043168781767046, 0.024725586109149635
1.044168781767046, 0.02458046656117655
1.0451687817670459, 0.024436992910294265
1.0461687817670458, 0.024295137185672677
1.0471687817670456, 0.02415486943219585
1.0481687817670455, 0.024016157979286374
1.0491687817670454, 0.023878969494614207
1.0501687817670453, 0.023743269203968687
1.0511687817670452, 0.023609021136742406
1.052168781767045, 0.023476188291604732
1.053168781767045, 0.023344732714906075
1.0541687817670449, 0.023214615714534127
1.0551687817670448, 0.02308579795181106
1.0561687817670447, 0.022958239544140183
1.0571687817670445, 0.02283190019911072
1.0581687817670444, 0.02270673930091638
1.0591687817670443, 0.02258271603041918
1.0601687817670442, 0.022459789480054913
1.061168781767044, 0.02233791874172062
1.062168781767044, 0.02221706298820154
1.0631687817670439, 0.022097181532463695
1.0641687817670438, 0.021978233898744093
1.0651687817670437, 0.021860179891412427
1.0661687817670435, 0.02174297963709958
1.0671687817670434, 0.021626593672105385
1.0681687817670433, 0.021510982990564753
1.0691687817670432, 0.02139610907263013
1.070168781767043, 0.021281933916969892
1.071168781767043, 0.02116842010908826
1.0721687817670429, 0.021055530791913503
1.0731687817670428, 0.020943229713313975
1.0741687817670427, 0.020831481265697945
1.0751687817670426, 0.020720250474470903
1.0761687817670424, 0.020609503070533594
1.0771687817670423, 0.02049920549396
1.0781687817670422, 0.020389324873778442
1.0791687817670421, 0.020279829027083817
1.080168781767042, 0.020170686509270962
1.081168781767042, 0.020061866545435125
1.0821687817670418, 0.019953339057910843
1.0831687817670417, 0.01984507468484698
1.0841687817670416, 0.01973704474429194
1.0851687817670415, 0.019629221287339172
1.0861687817670413, 0.01952157707941442
1.0871687817670412, 0.019414085559759146
1.0881687817670411, 0.019306720824474953
1.089168781767041, 0.019199457659919518
1.090168781767041, 0.019092271466288453
1.0911687817670408, 0.01898513827082065
1.0921687817670407, 0.018878034733379383
1.0931687817670406, 0.0187709381048627
1.0941687817670405, 0.018663826262419456
1.0951687817670404, 0.018556677683008956
1.0961687817670402, 0.018449471399733804
1.0971687817670401, 0.018342186979964183
1.09816878176704, 0.018234804545305943
1.09916878176704, 0.018127304703654604
1.1001687817670398, 0.018019668553108433
1.1011687817670397, 0.017911877680485893
1.1021687817670396, 0.01780391412381929
1.1031687817670395, 0.017695760392997247
1.1041687817670394, 0.01758739944364005
1.1051687817670393, 0.017478814638781724
1.1061687817670391, 0.017369989727921625
1.107168781767039, 0.01726090885694079
1.108168781767039, 0.017151556514879086
1.1091687817670388, 0.017041917532102244
1.1101687817670387, 0.016931977075362155
1.1111687817670386, 0.016821720618125355
1.1121687817670385, 0.016711133949945032
1.1131687817670384, 0.01660020315413506
1.1141687817670383, 0.01648891457776975
1.1151687817670382, 0.01637725481389939
1.116168781767038, 0.01626521070398248
1.117168781767038, 0.016152769300171926
1.1181687817670378, 0.016039917859823595
1.1191687817670377, 0.015926643838870633
1.1201687817670376, 0.015812934878873967
1.1211687817670375, 0.01569877879064851
1.1221687817670374, 0.01558416353846291
1.1231687817670373, 0.015469077227011383
1.1241687817670372, 0.015353508089888593
1.125168781767037, 0.015237444477183826
1.126168781767037, 0.015120874842174371
1.1271687817670368, 0.01500378772886101
1.1281687817670367, 0.014886171760724062
1.1291687817670366, 0.01476801562937279
1.1301687817670365, 0.014649308082519403
1.1311687817670364, 0.014530037912252223
1.1321687817670363, 0.014410193944250268
1.1331687817670362, 0.014289765027242891
1.134168781767036, 0.014168740022040096
1.135168781767036, 0.014047107790563252
1.1361687817670358, 0.013924857185489144
1.1371687817670357, 0.013801977040254121
1.1381687817670356, 0.013678456158864915
1.1391687817670355, 0.013554283305608579
1.1401687817670354, 0.013429447195100584
1.1411687817670353, 0.013303936482652988
1.1421687817670352, 0.013177739754600208
1.143168781767035, 0.01305084551852588
1.144168781767035, 0.012923242193645027
1.1451687817670348, 0.01279491810140429
1.1461687817670347, 0.012665861456100727
1.1471687817670346, 0.01253606035543139
1.1481687817670345, 0.01240550277109399
1.1491687817670344, 0.012274176539501053
1.1501687817670343, 0.012142069352512398
1.1511687817670342, 0.012009168748116732
1.152168781767034, 0.011875462059043617
1.153168781767034, 0.011740936374018377
1.1541687817670339, 0.011605578530275613
1.1551687817670337, 0.011469375139014715
1.1561687817670336, 0.011332312618276443
1.1571687817670335, 0.011194377201958297
1.1581687817670334, 0.011055554925321412
1.1591687817670333, 0.010915831604835294
1.1601687817670332, 0.010775192823754807
1.161168781767033, 0.01063362392317335
1.162168781767033, 0.01049110999406069
1.1631687817670329, 0.0103476358678309
1.1641687817670328, 0.010203186117111254
1.1651687817670326, 0.010057745022347214
1.1661687817670325, 0.00991129656423907
1.1671687817670324, 0.009763824423409156
1.1681687817670323, 0.009615311972093789
1.1691687817670322, 0.009465742260492535
1.170168781767032, 0.009315098003248515
1.171168781767032, 0.009163361567800319
1.1721687817670319, 0.009010514964013908
1.1731687817670318, 0.008856539833603443
1.1741687817670317, 0.008701417438537555
1.1751687817670315, 0.008545128649033215
1.1761687817670314, 0.008387653931810112
1.1771687817670313, 0.008228973338431795
1.1781687817670312, 0.008069066493396726
1.179168781767031, 0.007907912582021195
1.180168781767031, 0.007745490338248074
1.1811687817670309, 0.007581778032379111
1.1821687817670308, 0.007416753458700233
1.1831687817670307, 0.007250393923014771
1.1841687817670306, 0.007082676230106868
1.1851687817670304, 0.006913576671145959
1.1861687817670303, 0.006743071011045603
1.1871687817670302, 0.006571134475797864
1.1881687817670301, 0.006397741739806219
1.18916878176703, 0.00622286691324065
1.19016878176703, 0.006046483529441573
1.1911687817670298, 0.005868564532403492
1.1921687817670297, 0.005689082264373442
1.1931687817670296, 0.005508008453602249
1.1941687817670295, 0.0053253142022903505
1.1951687817670293, 0.005140969974774428
1.1961687817670292, 0.004954945586005529
1.1971687817670291, 0.0047672101903743335
1.198168781767029, 0.0045777322709436
1.199168781767029, 0.004386479629153131
1.2001687817670288, 0.004193419375067935
1.2011687817670287, 0.003998517918245446
1.2021687817670286, 0.003801740959303508
1.2031687817670285, 0.00360305348227609
1.2041687817670284, 0.003402419747849429
1.2051687817670282, 0.0031998032875769225
1.2061687817670281, 0.0029951668991762214
1.207168781767028, 0.0027884726430175634
1.208168781767028, 0.002579681839916875
1.2091687817670278, 0.0023687550703517944
1.2101687817670277, 0.0021556521752226572
1.2111687817670276, 0.0019403322582833983
1.2121687817670275, 0.0017227536903700266
1.2131687817670274, 0.0015028741155552205
1.2141687817670272, 0.0012806504593578067
1.2151687817670271, 0.00105603893913458
1.216168781767027, 0.0008289950767787028
1.217168781767027, 0.000599473713844505
1.2181687817670268, 0.00036742902921132526
1.2191687817670267, 0.00013281455939005043
1.2201687817670266, -0.00010441677843550395
1.2211687817670265, -0.0003443126605548265
1.2221687817670264, -0.0005869213280037983
1.2231687817670263, -0.0008322915549246201
1.2241687817670261, -0.0010804726139960468
1.225168781767026, -0.0013315142389444146
1.226168781767026, -0.001585466584176968
1.2271687817670258, -0.001842380181612967
1.2281687817670257, -0.0021023058948267045
1.2291687817670256, -0.0023652948706585166
1.2301687817670255, -0.0026313984884958207
1.2311687817670254, -0.0029006683074764986
1.2321687817670253, -0.0031731560119203908
1.2331687817670252, -0.0034489133553529394
1.234168781767025, -0.003727992103546655
1.235168781767025, -0.004010443977071739
1.2361687817670248, -0.004296320593917222
1.2371687817670247, -0.00458567341281725
1.2381687817670246, -0.004878553677995355
1.2391687817670245, -0.005175012366121388
1.2401687817670244, -0.005475100136361974
1.2411687817670243, -0.0057788672844962695
1.2421687817670242, -0.006086363702163443
1.243168781767024, -0.006397638842408226
1.244168781767024, -0.006712741692794583
1.2451687817670238, -0.007031720757465307
1.2461687817670237, -0.0073546240496371795
1.2471687817670236, -0.007681499096134805
1.2481687817670235, -0.008012392955682323
1.2491687817670234, -0.008347352252787444
1.2501687817670233, -0.008686423229165316
1.2511687817670232, -0.009029651814758432
1.252168781767023, -0.009377083720508765
1.253168781767023, -0.009728764555127693
1.2541687817670228, -0.010084739968183268
1.2551687817670227, -0.010445055821879077
1.2561687817670226, -0.010809758393931524
1.2571687817670225, -0.011178894613958094
1.2581687817670224, -0.011552512335767363
1.2591687817670223, -0.011930660647889755
1.2601687817670222, -0.012313390224607954
1.261168781767022, -0.01270075371964142
1.262168781767022, -0.013092806204516283
1.2631687817670219, -0.01348960565352366
1.2641687817670217, -0.013891213633558467
1.2651687817670216, -0.014297695571124794
1.2661687817670215, -0.01470912150039873
1.2671687817670214, -0.015125566801025638
1.2681687817670213, -0.015547112926319582
1.2691687817670212, -0.01597384821654849
1.270168781767021, -0.01640586880054263
1.271168781767021, -0.016843279537336615
1.2721687817670209, -0.017286194530467324
1.2731687817670208, -0.017734739096284716
1.2741687817670206, -0.018189051239210254
1.2751687817670205, -0.018649287256563545
1.2761687817670204, -0.019115627402232778
1.2771687817670203, -0.019588276145272886
1.2781687817670202, -0.020067455364794526
1.27916878176702, -0.02055340624099676
1.28016878176702, -0.02104640470640502
1.2811687817670199, -0.021546870173215077
1.2821687817670198, -0.022055359025512204
1.2831687817670197, -0.022572577480431368
1.2841687817670195, -0.023099277415368106
1.2851687817670194, -0.023636182234557743
1.2861687817670193, -0.024183972049751874
1.2871687817670192, -0.024743248506843295
1.288168781767019, -0.025314663397726898
1.289168781767019, -0.025898887779594357
1.2901687817670189, -0.026496586316351677
1.2911687817670188, -0.027108417182818284
1.2921687817670187, -0.0277350363959782
1.2931687817670185, -0.028377093082889316
1.2941687817670184, -0.0290352131784848
1.2951687817670183, -0.02970997210283604
1.2961687817670182, -0.030401853487668683
1.297168781767018, -0.031111178649093484
1.298168781767018, -0.03183798570056294
1.2991687817670179, -0.03258199918588505
1.3001687817670178, -0.033342831288094295
1.3011687817670177, -0.0341201264298693
1.3021687817670176, -0.03491353883066411
1.3031687817670174, -0.035722573938804146
1.3041687817670173, -0.03654642570887799
1.3051687817670172, -0.03738389845209672
1.3061687817670171, -0.03823340525042492
1.307168781767017, -0.039093129854594365
1.308168781767017, -0.03996116734808749
1.3091687817670168, -0.040835430748642494
1.3101687817670167, -0.04171349558465402
1.3111687817670166, -0.04259230554916042
1.3121687817670165, -0.04346908448870442
1.3131687817670163, -0.044340997425430885
1.3141687817670162, -0.04520545497838177
1.3151687817670161, -0.04605969227791011
1.316168781767016, -0.04690106722803358
1.317168781767016, -0.0477272692827493
1.3181687817670158, -0.0485363311545271
1.3191687817670157, -0.04932663290274113
1.3201687817670156, -0.05009686341181626
1.3211687817670155, -0.05084598790192457
1.3221687817670154, -0.051573232725472595
1.3231687817670152, -0.05227808168086408
1.3241687817670151, -0.05296022544745138
1.325168781767015, -0.05361954291710633
1.326168781767015, -0.05425608036265979
1.3271687817670148, -0.054870025547098744
1.3281687817670147, -0.055461682231341076
1.3291687817670146, -0.05603144815017154
1.3301687817670145, -0.05657979650243721
1.3311687817670144, -0.05710725814293384
1.3321687817670143, -0.05761441219943552
1.3331687817670141, -0.05810187310132953
1.334168781767014, -0.05857027818955993
1.335168781767014, -0.05902027886533145
1.3361687817670138, -0.05945253429663931
1.3371687817670137, -0.059867706065363804
1.3381687817670136, -0.06026645229755618
1.3391687817670135, -0.06064941745992098
1.3401687817670134, -0.06101724367212007
1.3411687817670133, -0.06137056418910938
1.3421687817670132, -0.06170999674213001
1.343168781767013, -0.06203614055333081
1.344168781767013, -0.06234957571683779
1.3451687817670128, -0.06265086333590658
1.3461687817670127, -0.06294054545174611
1.3471687817670126, -0.0632191447071587
1.3481687817670125, -0.06348716405658784
1.3491687817670124, -0.06374508758861425
1.3501687817670123, -0.06399337890672502
1.3511687817670122, -0.0642324816864413
1.352168781767012, -0.06446282093461733
1.353168781767012, -0.06468480360191455
1.3541687817670118, -0.064898817907996
1.3551687817670117, -0.065105235599301
1.3561687817670116, -0.06530441167366291
1.3571687817670115, -0.06549668449388983
1.3581687817670114, -0.06568240629389141
1.3591687817670113, -0.065861866472528
1.3601687817670112, -0.06603534572916309
1.361168781767011, -0.06620309655543287
1.362168781767011, -0.06636538954422984
1.3631687817670108, -0.06652249095097025
1.3641687817670107, -0.06667464791900138
1.3651687817670106, -0.06682208927097498
1.3661687817670105, -0.06696503061887556
1.3671687817670104, -0.06710367734180003
1.3681687817670103, -0.06723822528016422
1.3691687817670102, -0.06736886116729021
1.37016878176701, -0.06749576195018298
1.37116878176701, -0.06761909533078282
1.3721687817670098, -0.06773902070314461
1.3731687817670097, -0.06785568970599748
1.3741687817670096, -0.06796924610579679
1.3751687817670095, -0.06807982684918466
1.3761687817670094, -0.06818756210119639
1.3771687817670093, -0.06829257538724327
1.3781687817670092, -0.0683949839425877
1.379168781767009, -0.06849489910009188
1.380168781767009, -0.0685924266204102
1.3811687817670089, -0.06868766696875579
1.3821687817670087, -0.06878071578721026
1.3831687817670086, -0.06887166372214222
1.3841687817670085, -0.06896059675076183
1.3851687817670084, -0.06904759661513951
1.3861687817670083, -0.06913274108215628
1.3871687817670082, -0.06921610390810212
1.388168781767008, -0.06929775539480434
1.389168781767008, -0.06937776241619528
1.3901687817670079, -0.06945618849386433
1.3911687817670078, -0.06953309397506124
1.3921687817670076, -0.06960853622991488
1.3931687817670075, -0.06968256982288626
1.3941687817670074, -0.06975524665939917
1.3951687817670073, -0.06982661622787255
1.3961687817670072, -0.06989672550772953
1.397168781767007, -0.06996561912687521
1.398168781767007, -0.07003333959088316
1.3991687817670069, -0.07009992741955405
1.4001687817670068, -0.07016542112321278
1.4011687817670067, -0.07022985747933969
1.4021687817670065, -0.0702932715470851
1.4031687817670064, -0.07035569670577063
1.4041687817670063, -0.0704171648116364
1.4051687817670062, -0.07047770615598152
1.406168781767006, -0.07053734957401911
1.407168781767006, -0.07059612258756312
1.4081687817670059, -0.07065405148568327
1.4091687817670058, -0.07071116130731954
1.4101687817670057, -0.07076747601363423
1.4111687817670056, -0.07082301849702255
1.4121687817670054, -0.07087781060444072
1.4131687817670053, -0.07093187319202664
1.4141687817670052, -0.07098522618556491
1.4151687817670051, -0.07103788863297653
1.416168781767005, -0.07108987874914591
1.417168781767005, -0.07114121395701023
1.4181687817670048, -0.07119191092696203
1.4191687817670047, -0.0712419856147174
1.4201687817670046, -0.07129145329733155
1.4211687817670045, -0.0713403286072932
1.4221687817670043, -0.07138862556481901
1.4231687817670042, -0.07143635760844869
1.4241687817670041, -0.07148353762400883
1.425168781767004, -0.07153017797206902
1.426168781767004, -0.0715762905140398
1.4271687817670038, -0.07162188663697111
1.4281687817670037, -0.07166697727702202
1.4291687817670036, -0.07171157294164039
1.4301687817670035, -0.07175568373063718
1.4311687817670034, -0.0717993193563292
1.4321687817670032, -0.07184248916271609
1.4331687817670031, -0.07188520300137374
1.434168781767003, -0.07192746905771125
1.435168781767003, -0.07196929535296177
1.4361687817670028, -0.07201068916360752
1.4371687817670027, -0.07205165837870463
1.4381687817670026, -0.07209221087241166
1.4391687817670025, -0.07213235407873735
1.4401687817670024, -0.07217209565642298
1.4411687817670022, -0.07221144195926225
1.4421687817670021, -0.07225039924162119
1.443168781767002, -0.07228897371798497
1.444168781767002, -0.07232717147864681
1.4451687817670018, -0.07236499844560768
1.4461687817670017, -0.07240246036130311
1.4471687817670016, -0.07243956277876665
1.4481687817670015, -0.07247631109606968
1.4491687817670014, -0.07251271055301843
1.4501687817670013, -0.0725487662409705
1.4511687817670011, -0.07258448311001912
1.452168781767001, -0.07261986558262917
1.453168781767001, -0.07265491843142034
1.4541687817670008, -0.07268964644820862
1.4551687817670007, -0.07272405420523942
1.4561687817670006, -0.07275814606135728
1.4571687817670005, -0.07279192623929148
1.4581687817670004, -0.07282539887071103
1.4591687817670003, -0.07285856800528108
1.4601687817670002, -0.0728914376084016
1.461168781767, -0.07292401156139172
1.462168781767, -0.07295629366527487
1.4631687817669998, -0.07298828764552569
1.4641687817669997, -0.0730199971562162
1.4651687817669996, -0.07305142578341708
1.4661687817669995, -0.07308257704815355
1.4671687817669994, -0.07311345440909359
1.4681687817669993, -0.07314406126498259
1.4691687817669992, -0.07317440095678361
1.470168781766999, -0.0732044767694977
1.471168781766999, -0.07323429193365746
1.4721687817669988, -0.0732638499409032
1.4731687817669987, -0.07329315375562473
1.4741687817669986, -0.07332220633898821
1.4751687817669985, -0.07335101067202625
1.4761687817669984, -0.0733795697147842
1.4771687817669983, -0.07340788638331397
1.4781687817669982, -0.0734359635417882
1.479168781766998, -0.07346380400023679
1.480168781766998, -0.07349141051345372
1.4811687817669978, -0.07351878555706295
1.4821687817669977, -0.07354593181719728
1.4831687817669976, -0.07357285200089488
1.4841687817669975, -0.07359954869642778
1.4851687817669974, -0.07362602437066161
1.4861687817669973, -0.07365228140688039
1.4871687817669972, -0.07367832212522471
1.488168781766997, -0.07370414878340574
1.489168781766997, -0.07372976357132388
1.4901687817669969, -0.0737551686072633
1.4911687817669967, -0.0737803659363959
1.4921687817669966, -0.0738053575301943
1.4931687817669965, -0.07383014528589796
1.4941687817669964, -0.07385473102595239
1.4951687817669963, -0.07387911649759314
1.4961687817669962, -0.0739033033726713
1.497168781766996, -0.0739272932477145
1.498168781766996, -0.07395108764418509
1.4991687817669959, -0.07397468800889728
1.5001687817669958, -0.07399809571455498
1.5011687817669956, -0.07402131206037056
1.5021687817669955, -0.07404433827271928
1.5031687817669954, -0.07406717550577938
1.5041687817669953, -0.07408982484442049
1.5051687817669952, -0.07411228740722851
1.506168781766995, -0.07413456410847485
1.507168781766995, -0.07415665583038566
1.5081687817669949, -0.0741785634308848
1.5091687817669948, -0.07420028772996254
1.5101687817669947, -0.0742218295017706
1.5111687817669945, -0.07424318941492414
1.5121687817669944, -0.074264368160639
1.5131687817669943, -0.07428536640014227
1.5141687817669942, -0.07430618472654016
1.515168781766994, -0.07432682366682407
1.516168781766994, -0.07434728368401615
1.5171687817669939, -0.07436756518351026
1.5181687817669938, -0.07438766851381604
1.5191687817669937, -0.0744075939623074
1.5201687817669935, -0.0744273417515301
1.5211687817669934, -0.0744469120352597
1.5221687817669933, -0.0744663048940683
1.5231687817669932, -0.07448552033474123
1.524168781766993, -0.07450455829325893
1.525168781766993, -0.07452341862791845
1.5261687817669929, -0.07454210110992808
1.5271687817669928, -0.07456060543824033
1.5281687817669927, -0.07457893125613242
1.5291687817669926, -0.07459707813170185
1.5301687817669924, -0.07461504554323839
1.5311687817669923, -0.07463283293485272
1.5321687817669922, -0.07465043976024519
1.5331687817669921, -0.07466786543343823
1.534168781766992, -0.07468510931034278
1.535168781766992, -0.0747021707278188
1.5361687817669918, -0.07471904920811921
1.5371687817669917, -0.0747357443062349
1.5381687817669916, -0.07475225560669083
1.5391687817669915, -0.074768582779801
1.5401687817669913, -0.07478472562696595
1.5411687817669912, -0.0748006840761733
1.5421687817669911, -0.07481645817340683
1.543168781766991, -0.0748320480899454
1.544168781766991, -0.07484745416075633
1.5451687817669908, -0.07486267691530471
1.5461687817669907, -0.07487771704615005
1.5471687817669906, -0.07489257534846978
1.5481687817669905, -0.07490725272476272
1.5491687817669904, -0.0749217502553064
1.5501687817669902, -0.07493606920931943
1.5511687817669901, -0.07495021093799081
1.55216878176699, -0.07496417679009142
1.55316878176699, -0.07497796819927594
1.5541687817669898, -0.0749915868259965
1.5551687817669897, -0.07500503436167191
1.5561687817669896, -0.07501831264535716
1.5571687817669895, -0.07503142364857071
1.5581687817669894, -0.07504436895189077
1.5591687817669893, -0.07505715024086805
1.5601687817669891, -0.07506976941934679
1.561168781766989, -0.07508222849062725
1.562168781766989, -0.07509452938573012
1.5631687817669888, -0.07510667391665043
1.5641687817669887, -0.07511866387172705
1.5651687817669886, -0.0751305011186042
1.5661687817669885, -0.07514218745821266
1.5671687817669884, -0.07515372481003033
1.5681687817669883, -0.07516511498037338
1.5691687817669882, -0.07517635976761791
1.570168781766988, -0.0751874611916268
1.571168781766988, -0.07519842094810554
1.5721687817669878, -0.07520924063870307
1.5731687817669877, -0.07521992166960643
1.5741687817669876, -0.07523046567629707
1.5751687817669875, -0.07524087445826924
1.5761687817669874, -0.07525114956404094
1.5771687817669873, -0.07526129263109763
1.5781687817669872, -0.0752713050565603
1.579168781766987, -0.07528118822733643
1.580168781766987, -0.07529094340963294
1.5811687817669868, -0.0753005719853656
1.5821687817669867, -0.07531007534258131
1.5831687817669866, -0.0753194548001357
1.5841687817669865, -0.07532871160812067
1.5851687817669864, -0.07533784697008174
1.5861687817669863, -0.0753468620555709
1.5871687817669862, -0.07535575800197851
1.588168781766986, -0.07536453591472732
1.589168781766986, -0.07537319686368517
1.5901687817669858, -0.07538174188423348
1.5911687817669857, -0.07539017198002805
1.5921687817669856, -0.07539848812451602
1.5931687817669855, -0.07540669126134703
1.5941687817669854, -0.07541478230483527
1.5951687817669853, -0.07542276214088317
1.5961687817669852, -0.0754306316280911
1.597168781766985, -0.07543839159877719
1.598168781766985, -0.07544604285988633
1.5991687817669848, -0.07545358619388007
1.6001687817669847, -0.07546102235964808
1.6011687817669846, -0.07546835209342437
1.6021687817669845, -0.07547557610968246
1.6031687817669844, -0.07548269510200484
1.6041687817669843, -0.07548970974393204
1.6051687817669842, -0.0754966206897942
1.606168781766984, -0.0755034285755243
1.607168781766984, -0.07551013401944956
1.6081687817669839, -0.07551673762306028
1.6091687817669837, -0.0755232399717566
1.6101687817669836, -0.0755296416355726
1.6111687817669835, -0.07553594316987815
1.6121687817669834, -0.07554214511605789
1.6131687817669833, -0.07554824800216778
1.6141687817669832, -0.0755542523435688
1.615168781766983, -0.0755601586435384
1.616168781766983, -0.0755659673938601
1.6171687817669829, -0.07557167907539095
1.6181687817669828, -0.07557729415860778
1.6191687817669826, -0.07558281310413245
1.6201687817669825, -0.07558823636323604
1.6211687817669824, -0.07559356437832346
1.6221687817669823, -0.07559879758339781
1.6231687817669822, -0.07560393640450583
1.624168781766982, -0.07560898126016438
1.625168781766982, -0.07561393256176897
1.6261687817669819, -0.07561879071398424
1.6271687817669818, -0.07562355611511752
1.6281687817669817, -0.07562822915747572
1.6291687817669815, -0.07563281022770584
1.6301687817669814, -0.07563729970712021
1.6311687817669813, -0.0756416979720064
1.6321687817669812, -0.0756460053939226
1.633168781766981, -0.07565022233997906
1.634168781766981, -0.07565434917310582
1.6351687817669809, -0.07565838625230738
1.6361687817669808, -0.07566233393290499
1.6371687817669807, -0.07566619256676652
1.6381687817669806, -0.07566996250252496
1.6391687817669804, -0.07567364408578549
1.6401687817669803, -0.075677237659322
1.6411687817669802, -0.0756807435632632
1.6421687817669801, -0.07568416213526886
1.64316878176698, -0.07568749371069644
1.64416878176698, -0.07569073862275877
1.6451687817669798, -0.07569389720267305
1.6461687817669797, -0.07569696977980121
1.6471687817669796, -0.07569995668178266
1.6481687817669795, -0.07570285823465912
1.6491687817669793, -0.07570567476299234
1.6501687817669792, -0.0757084065899747
1.6511687817669791, -0.07571105403753317
1.652168781766979, -0.07571361742642699
1.653168781766979, -0.07571609707633924
1.6541687817669788, -0.07571849330596248
1.6551687817669787, -0.07572080643307917
1.6561687817669786, -0.07572303677463649
1.6571687817669785, -0.07572518464681625
1.6581687817669784, -0.07572725036510031
1.6591687817669782, -0.07572923424433102
1.6601687817669781, -0.0757311365987675
1.661168781766978, -0.07573295774213802
1.662168781766978, -0.07573469798768816
1.6631687817669778, -0.07573635764820419
1.6641687817669777, -0.0757379370361
1.6651687817669776, -0.0757394364634375
1.6661687817669775, -0.0757408562419486
1.6671687817669774, -0.07574219668308062
1.6681687817669772, -0.07574345809800273
1.6691687817669771, -0.07574464079763686
1.670168781766977, -0.07574574509269269
1.671168781766977, -0.075746771293691
1.6721687817669768, -0.07574771971097902
1.6731687817669767, -0.07574859065474417
1.6741687817669766, -0.07574938443502853
1.6751687817669765, -0.07575010136174254
1.6761687817669764, -0.07575074174467593
1.6771687817669763, -0.07575130589349961
1.6781687817669761, -0.07575179411778543
1.679168781766976, -0.07575220672700941
1.680168781766976, -0.0757525440305533
1.6811687817669758, -0.07575280633771336
1.6821687817669757, -0.07575299395769408
1.6831687817669756, -0.0757531071996083
1.6841687817669755, -0.07575314637247926
1.6851687817669754, -0.07575311178524086
1.6861687817669753, -0.07575300374672872
1.6871687817669752, -0.07575282256568734
1.688168781766975, -0.075752568550764
1.689168781766975, -0.07575224201050164
1.6901687817669748, -0.07575184325333958
1.6911687817669747, -0.07575137258759711
1.6921687817669746, -0.07575083032146526
1.6931687817669745, -0.07575021676300304
1.6941687817669744, -0.0757495322201313
1.6951687817669743, -0.07574877700061446
1.6961687817669742, -0.07574795141206825
1.697168781766974, -0.07574705576194592
1.698168781766974, -0.07574609035752458
1.6991687817669738, -0.07574505550590505
1.7001687817669737, -0.0757439515139845
1.7011687817669736, -0.07574277868844573
1.7021687817669735, -0.07574153733575313
1.7031687817669734, -0.07574022776214444
1.7041687817669733, -0.07573885027360391
1.7051687817669732, -0.07573740517587664
1.706168781766973, -0.07573589277444881
1.707168781766973, -0.0757343133745293
1.7081687817669728, -0.07573266728105237
1.7091687817669727, -0.07573095479864014
1.7101687817669726, -0.0757291762315922
1.7111687817669725, -0.0757273318838849
1.7121687817669724, -0.0757254220591632
1.7131687817669723, -0.07572344706070604
1.7141687817669722, -0.07572140719145064
1.715168781766972, -0.0757193027539679
1.716168781766972, -0.07571713405044049
1.7171687817669719, -0.07571490138267026
1.7181687817669717, -0.07571260505203181
1.7191687817669716, -0.0757102453594637
1.7201687817669715, -0.07570782260547318
1.7211687817669714, -0.07570533709012897
1.7221687817669713, -0.07570278911302027
1.7231687817669712, -0.07570017897329172
1.724168781766971, -0.07569750696961512
1.725168781766971, -0.07569477340016491
1.7261687817669709, -0.07569197856263128
1.7271687817669708, -0.07568912275416553
1.7281687817669706, -0.0756862062713741
1.7291687817669705, -0.07568322941032903
1.7301687817669704, -0.07568019246656273
1.7311687817669703, -0.0756770957350209
1.7321687817669702, -0.07567393951010899
1.73316878176697, -0.07567072408566015
1.73416878176697, -0.07566744975490944
1.7351687817669699, -0.07566411681051222
1.7361687817669698, -0.0756607255444828
1.7371687817669696, -0.07565727624819159
1.7381687817669695, -0.07565376921238105
1.7391687817669694, -0.07565020472716265
1.7401687817669693, -0.07564658308196517
1.7411687817669692, -0.07564290456559097
1.742168781766969, -0.07563916946618182
1.743168781766969, -0.0756353780711916
1.7441687817669689, -0.07563153066741006
1.7451687817669688, -0.07562762754089586
1.7461687817669687, -0.07562366897697652
1.7471687817669685, -0.07561965526026981
1.7481687817669684, -0.07561558667468286
1.7491687817669683, -0.07561146350335642
1.7501687817669682, -0.07560728602873026
1.751168781766968, -0.07560305453250718
1.752168781766968, -0.0755987692956245
1.7531687817669679, -0.07559443059828305
1.7541687817669678, -0.07559003871987514
1.7551687817669677, -0.07558559393898756
1.7561687817669676, -0.0755810965334276
1.7571687817669674, -0.07557654678022424
1.7581687817669673, -0.07557194495556926
1.7591687817669672, -0.07556729133489049
1.7601687817669671, -0.0755625861928141
1.761168781766967, -0.07555782980313609
1.762168781766967, -0.07555302243885477
1.7631687817669668, -0.0755481643720955
1.7641687817669667, -0.07554325587411598
1.7651687817669666, -0.07553829721533652
1.7661687817669665, -0.07553328866534299
1.7671687817669663, -0.0755282304928255
1.7681687817669662, -0.07552312296565823
1.7691687817669661, -0.07551796635086075
1.770168781766966, -0.07551276091456889
1.771168781766966, -0.0755075069220712
1.7721687817669658, -0.07550220463773046
1.7731687817669657, -0.07549685432499129
1.7741687817669656, -0.07549145624641403
1.7751687817669655, -0.07548601066367909
1.7761687817669654, -0.07548051783752405
1.7771687817669652, -0.07547497802782874
1.7781687817669651, -0.07546939149357587
1.779168781766965, -0.0754637584928218
1.780168781766965, -0.07545807928273583
1.7811687817669648, -0.07545235411951962
1.7821687817669647, -0.07544658325841684
1.7831687817669646, -0.07544076695374982
1.7841687817669645, -0.07543490545892531
1.7851687817669644, -0.07542899902637036
1.7861687817669643, -0.07542304790762173
1.7871687817669641, -0.0754170523532859
1.788168781766964, -0.07541101261301009
1.789168781766964, -0.0754049289355238
1.7901687817669638, -0.07539880156855677
1.7911687817669637, -0.07539263075885029
1.7921687817669636, -0.07538641675219605
1.7931687817669635, -0.07538015979344342
1.7941687817669634, -0.07537386012643424
1.7951687817669633, -0.07536751799409552
1.7961687817669632, -0.07536113363839962
1.797168781766963, -0.07535470730033494
1.798168781766963, -0.07534823921994975
1.7991687817669628, -0.07534172963626895
1.8001687817669627, -0.07533517878730679
1.8011687817669626, -0.07532858691010776
1.8021687817669625, -0.07532195424075469
1.8031687817669624, -0.07531528101430311
1.8041687817669623, -0.07530856746487666
1.8051687817669622, -0.075301813825627
1.806168781766962, -0.07529502032870489
1.807168781766962, -0.07528818720525918
1.8081687817669618, -0.07528131468544337
1.8091687817669617, -0.07527440299841878
1.8101687817669616, -0.0752674523723538
1.8111687817669615, -0.0752604630344678
1.8121687817669614, -0.07525343521094077
1.8131687817669613, -0.07524636912692154
1.8141687817669612, -0.07523926500656973
1.815168781766961, -0.07523212307306669
1.816168781766961, -0.07522494354855074
1.8171687817669608, -0.07521772665421446
1.8181687817669607, -0.07521047261026478
1.8191687817669606, -0.07520318163589448
1.8201687817669605, -0.07519585394928215
1.8211687817669604, -0.07518848976759984
1.8221687817669603, -0.07518108930701733
1.8231687817669602, -0.07517365278270212
1.82416878176696, -0.07516618040886465
1.82516878176696, -0.07515867239866786
1.8261687817669598, -0.07515112896423645
1.8271687817669597, -0.07514355031670045
1.8281687817669596, -0.07513593666620647
1.8291687817669595, -0.07512828822185379
1.8301687817669594, -0.07512060519179273
1.8311687817669593, -0.07511288778318502
1.8321687817669592, -0.07510513620217625
1.833168781766959, -0.07509735065389635
1.834168781766959, -0.07508953134246828
1.8351687817669589, -0.07508167847101287
1.8361687817669587, -0.07507379224164953
1.8371687817669586, -0.07506587285554206
1.8381687817669585, -0.07505792051280907
1.8391687817669584, -0.07504993541253403
1.8401687817669583, -0.0750419177528092
1.8411687817669582, -0.07503386773074792
1.842168781766958, -0.07502578554242124
1.843168781766958, -0.07501767138295651
1.8441687817669579, -0.07500952544649848
1.8451687817669578, -0.07500134792618245
1.8461687817669576, -0.0749931390141354
1.8471687817669575, -0.07498489890148533
1.8481687817669574, -0.0749766277783664
1.8491687817669573, -0.07496832583392055
1.8501687817669572, -0.07495999325634302
1.851168781766957, -0.07495163023279439
1.852168781766957, -0.07494323694941106
1.8531687817669569, -0.07493481359134942
1.8541687817669568, -0.07492636034279822
1.8551687817669567, -0.07491787738691696
1.8561687817669565, -0.0749093649059332
1.8571687817669564, -0.07490082308110482
1.8581687817669563, -0.07489225209269391
1.8591687817669562, -0.07488365211996853
1.860168781766956, -0.07487502334121207
1.861168781766956, -0.07486636593372929
1.8621687817669559, -0.07485768007384785
1.8631687817669558, -0.0748489659369638
1.8641687817669557, -0.07484022369745537
1.8651687817669556, -0.07483145352869387
1.8661687817669554, -0.07482265560308729
1.8671687817669553, -0.07481383009209336
1.8681687817669552, -0.0748049771661589
1.8691687817669551, -0.07479609699481604
1.870168781766955, -0.07478718974664553
1.871168781766955, -0.07477825558925122
1.8721687817669548, -0.07476929468926237
1.8731687817669547, -0.07476030721234332
1.8741687817669546, -0.07475129332319944
1.8751687817669545, -0.07474225318557937
1.8761687817669543, -0.0747331869623195
1.8771687817669542, -0.07472409481526023
1.8781687817669541, -0.0747149769052568
1.879168781766954, -0.0747058333922225
1.880168781766954, -0.07469666443514154
1.8811687817669538, -0.0746874701920103
1.8821687817669537, -0.07467825081993153
1.8831687817669536, -0.07466900647507857
1.8841687817669535, -0.07465973731267114
1.8851687817669533, -0.0746504434869775
1.8861687817669532, -0.07464112515132437
1.8871687817669531, -0.07463178245810309
1.888168781766953, -0.07462241555877185
1.889168781766953, -0.07461302460389957
1.8901687817669528, -0.07460360974308422
1.8911687817669527, -0.07459417112496403
1.8921687817669526, -0.07458470889725952
1.8931687817669525, -0.07457522320678654
1.8941687817669524, -0.07456571419939925
1.8951687817669522, -0.0745561820200819
1.8961687817669521, -0.07454662681292085
1.897168781766952, -0.074537048721099
1.898168781766952, -0.07452744790107184
1.8991687817669518, -0.07451782448714825
1.9001687817669517, -0.07450817861492251
1.9011687817669516, -0.07449851041056182
1.9021687817669515, -0.07448882001475199
1.9031687817669514, -0.07447910757196081
1.9041687817669513, -0.07446937322283391
1.9051687817669511, -0.07445961710405966
1.906168781766951, -0.07444983935046065
1.907168781766951, -0.07444004009617392
1.9081687817669508, -0.0744302194747738
1.9091687817669507, -0.07442037761906443
1.9101687817669506, -0.07441051466095154
1.9111687817669505, -0.0744006307314291
1.9121687817669504, -0.07439072596060381
1.9131687817669503, -0.07438080047771099
1.9141687817669502, -0.0743708544111168
1.91516878176695, -0.0743608878883163
1.91616878176695, -0.07435090103593228
1.9171687817669498, -0.07434089397971616
1.9181687817669497, -0.07433086684454898
1.9191687817669496, -0.07432081975444281
1.9201687817669495, -0.074310752832542
1.9211687817669494, -0.0743006662011243
1.9221687817669493, -0.07429055998160221
1.9231687817669492, -0.07428043429452437
1.924168781766949, -0.07427028925957707
1.925168781766949, -0.0742601249955857
1.9261687817669488, -0.07424994162051643
1.9271687817669487, -0.07423973925147787
1.9281687817669486, -0.0742295180047227
1.9291687817669485, -0.07421927799564945
1.9301687817669484, -0.0742090193388044
1.9311687817669483, -0.0741987421478832
1.9321687817669482, -0.07418844653573299
1.933168781766948, -0.07417813261435409
1.934168781766948, -0.0741678004949021
1.9351687817669478, -0.07415745028768976
1.9361687817669477, -0.07414708210218908
1.9371687817669476, -0.0741366960470714
1.9381687817669475, -0.07412629223013487
1.9391687817669474, -0.0741158707583149
1.9401687817669473, -0.07410543173772224
1.9411687817669472, -0.07409497527365486
1.942168781766947, -0.07408450147054707
1.943168781766947, -0.07407401043205221
1.9441687817669469, -0.07406350226101178
1.9451687817669467, -0.07405297705943498
1.9461687817669466, -0.07404243492850096
1.9471687817669465, -0.07403187596856821
1.9481687817669464, -0.07402130027918011
1.9491687817669463, -0.07401070795906782
1.9501687817669462, -0.07400009910618831
1.951168781766946, -0.07398947381765417
1.952168781766946, -0.07397883218974387
1.9531687817669459, -0.07396817431793877
1.9541687817669458, -0.07395750029693461
1.9551687817669456, -0.07394681022059303
1.9561687817669455, -0.07393610418202085
1.9571687817669454, -0.0739253822735406
1.9581687817669453, -0.07391464458667088
1.9591687817669452, -0.0739038912121286
1.960168781766945, -0.07389312223983785
1.961168781766945, -0.07388233775893575
1.9621687817669449, -0.07387153785777478
1.9631687817669448, -0.07386072262395982
1.9641687817669446, -0.0738498921442802
1.9651687817669445, -0.07383904650471981
1.9661687817669444, -0.07382818579049259
1.9671687817669443, -0.07381731008605383
1.9681687817669442, -0.07380641947505298
1.969168781766944, -0.07379551404041058
1.970168781766944, -0.0737845938642893
1.9711687817669439, -0.0737736590280752
1.9721687817669438, -0.07376270961237973
1.9731687817669437, -0.07375174569704826
1.9741687817669435, -0.0737407673611655
1.9751687817669434, -0.07372977468305787
1.9761687817669433, -0.07371876774032902
1.9771687817669432, -0.07370774660979412
1.978168781766943, -0.07369671136748956
1.979168781766943, -0.07368566208870715
1.9801687817669429, -0.07367459884800455
1.9811687817669428, -0.07366352171916027
1.9821687817669427, -0.07365243077524718
1.9831687817669426, -0.07364132608860469
1.9841687817669424, -0.07363020773082024
1.9851687817669423, -0.07361907577273158
1.9861687817669422, -0.07360793028443428
1.9871687817669421, -0.07359677133528723
1.988168781766942, -0.07358559899391455
1.989168781766942, -0.07357441332823973
1.9901687817669418, -0.07356321440542214
1.9911687817669417, -0.07355200229186594
1.9921687817669416, -0.0735407770532532
1.9931687817669415, -0.07352953875455359
1.9941687817669413, -0.07351828745998083
1.9951687817669412, -0.07350702323306367
1.9961687817669411, -0.07349574613661844
1.997168781766941, -0.0734844562327312
1.998168781766941, -0.07347315358275969
1.9991687817669408, -0.07346183824734032
2.0, -0.07345242312279407
